0
6283754.00
6283754.00
6282724.00
6282037.00
6281007.00
6280664.00
6282037.00
6283411.00
6281351.00
6279634.00
6276200.00
6272766.00
6271392.00
6268645.00
6269675.00
6276200.00
6279634.00
6279977.00
6279290.00
6276887.00
6279634.00
6285471.00
6283411.00
6283067.00
6282724.00
6283067.00
6284098.00
6283067.00
6286501.00
6289248.00
6288562.00
6288905.00
6285815.00
6284098.00
6283411.00
6285128.00
6286158.00
6284098.00
6285815.00
6287875.00
6286845.00
6287188.00
6284441.00
6287188.00
6290279.00
6289592.00
6288218.00
6287875.00
6287531.00
6285471.00
6286845.00
6285815.00
6282381.00
6280664.00
6277573.00
6279977.00
6280320.00
6279977.00
6278260.00
6273453.00
6273796.00
6274139.00
6275513.00
6275856.00
6274139.00
6272766.00
6268302.00
6269675.00
6272079.00
6273109.00
6274826.00
6274139.00
6273109.00
6273453.00
6271392.00
6267615.00
6263838.00
6262808.00
6264181.00
6267272.00
6269675.00
6272423.00
6272766.00
6272079.00
6273109.00
6273453.00
6275513.00
6267959.00
6268989.00
6272766.00
6275170.00
6273796.00
6275856.00
6277917.00
6279977.00
6283411.00
6282381.00
6276543.00
6276887.00
6278260.00
6278260.00
6282037.00
6282381.00
6281351.00
6280320.00
6282724.00
6283754.00
6282381.00
6281351.00
6282381.00
6285128.00
6285471.00
6284098.00
6281007.00
6279977.00
6281694.00
6282037.00
6278260.00
6274826.00
6273453.00
6273453.00
6273109.00
6274483.00
6275170.00
6272079.00
6268302.00
6271049.00
6272079.00
6272766.00
6274139.00
6271736.00
6268302.00
6267272.00
6268989.00
6269675.00
6267959.00
6269675.00
6267615.00
6265898.00
6262808.00
6262464.00
6264181.00
6264181.00
6265211.00
6267615.00
6268645.00
6268989.00
6267959.00
6267272.00
6271736.00
6276200.00
6274826.00
6271736.00
6272079.00
6273453.00
6276543.00
6277917.00
6277230.00
6278947.00
6279290.00
6279290.00
6282037.00
6282724.00
6279634.00
6279290.00
6282037.00
6283411.00
6285128.00
6284098.00
6282037.00
6281351.00
6281694.00
6285471.00
6288562.00
6287531.00
6288562.00
6288562.00
6282381.00
6273109.00
6268989.00
6269332.00
6271392.00
6275513.00
6278260.00
6278603.00
6281007.00
6279977.00
6279290.00
6278260.00
6275170.00
6272766.00
6271049.00
6274139.00
6276200.00
6276543.00
6274483.00
6272423.00
6273109.00
6272079.00
6270706.00
6272766.00
6276543.00
6275856.00
6273453.00
6270706.00
6265555.00
6266585.00
6268302.00
6270706.00
6275856.00
6274139.00
6272079.00
6272079.00
6275170.00
6276887.00
6275170.00
6272766.00
6276887.00
6281694.00
6285128.00
6287875.00
6286501.00
6284784.00
6283754.00
6283411.00
6284441.00
6285815.00
6289248.00
6288905.00
6287875.00
6287531.00
6289935.00
6288562.00
6287531.00
6288218.00
6290279.00
6291309.00
6293369.00
6293369.00
6294056.00
6293026.00
6291309.00
6288562.00
6287531.00
6290965.00
6290965.00
6290965.00
6287531.00
6288905.00
6288218.00
6287188.00
6283067.00
6282381.00
6281007.00
6281351.00
6282381.00
6281351.00
6283411.00
6285128.00
6283411.00
6280664.00
6282037.00
6282381.00
6282381.00
6280664.00
6278947.00
6282381.00
6283754.00
6277917.00
6275170.00
6276543.00
6275170.00
6275513.00
6277917.00
6279290.00
6279977.00
6279977.00
6282037.00
6286501.00
6289935.00
6288905.00
6287188.00
6289592.00
6293369.00
6293026.00
6291309.00
6291309.00
6295429.00
6293712.00
6292339.00
6291995.00
6293369.00
6294743.00
6295773.00
6294056.00
6293712.00
6293026.00
6294056.00
6295086.00
6294056.00
6294743.00
6298863.00
6299893.00
6301610.00
6299207.00
6294399.00
6293712.00
6298176.00
6299550.00
6298520.00
6298520.00
6295086.00
6294743.00
6293369.00
6286845.00
6289248.00
6290622.00
6287188.00
6286158.00
6285471.00
6286501.00
6288218.00
6288218.00
6289248.00
6289592.00
6287875.00
6288562.00
6289935.00
6287875.00
6286845.00
6286845.00
6285815.00
6282037.00
6283067.00
6285471.00
6285128.00
6285815.00
6288905.00
6289592.00
6285128.00
6285128.00
6286158.00
6289935.00
6288562.00
6282037.00
6282724.00
6288905.00
6290279.00
6292339.00
6295086.00
6296459.00
6296459.00
6297833.00
6296116.00
6294056.00
6291652.00
6291309.00
6292682.00
6296803.00
6298176.00
6298520.00
6298176.00
6297833.00
6299207.00
6299550.00
6299893.00
6303671.00
6300580.00
6296116.00
6295773.00
6293369.00
6292682.00
6295429.00
6297833.00
6294056.00
6292682.00
6292339.00
6288218.00
6286501.00
6285815.00
6286845.00
6289935.00
6287188.00
6286501.00
6284784.00
6287188.00
6285128.00
6283754.00
6285815.00
6287875.00
6286845.00
6283411.00
6284784.00
6288905.00
6288905.00
6283411.00
6280664.00
6278947.00
6280320.00
6281351.00
6280320.00
6279634.00
6282724.00
6284441.00
6284098.00
6282724.00
6286501.00
6289248.00
6287875.00
6289935.00
6289592.00
6289592.00
6290622.00
6289592.00
6288218.00
6288218.00
6290279.00
6291652.00
6288905.00
6287875.00
6289935.00
6291652.00
6290965.00
6288218.00
6288562.00
6289592.00
6290965.00
6292339.00
6293712.00
6294399.00
6296803.00
6297490.00
6297490.00
6294743.00
6294056.00
6294743.00
6293026.00
6291995.00
6288562.00
6285815.00
6288562.00
6289592.00
6290279.00
6286158.00
6282381.00
6283411.00
6282037.00
6284441.00
6282381.00
6279290.00
6282381.00
6282381.00
6281351.00
6280320.00
6281694.00
6280664.00
6278260.00
6277917.00
6279634.00
6279290.00
6277917.00
6274826.00
6272423.00
6273109.00
6272766.00
6271736.00
6277573.00
6279977.00
6281694.00
6279290.00
6277230.00
6282381.00
6281007.00
6276543.00
6276887.00
6281351.00
6284098.00
6286158.00
6286501.00
6285815.00
6287875.00
6288218.00
6288218.00
6288218.00
6289248.00
6286845.00
6287531.00
6288562.00
6289248.00
6289248.00
6289592.00
6290279.00
6290279.00
6291995.00
6295429.00
6294399.00
6291309.00
6289935.00
6288218.00
6287875.00
6291995.00
6290622.00
6287531.00
6284441.00
6284784.00
6285471.00
6283754.00
6281351.00
6277917.00
6276887.00
6277917.00
6280664.00
6280320.00
6282381.00
6281351.00
6279634.00
6278947.00
6281007.00
6282724.00
6278947.00
6274139.00
6274139.00
6274826.00
6276543.00
6277917.00
6278947.00
6275513.00
6271736.00
6272766.00
6272766.00
6274483.00
6277917.00
6276887.00
6271392.00
6272766.00
6279634.00
6282724.00
6285471.00
6282724.00
6281694.00
6282037.00
6282037.00
6283411.00
6287188.00
6288562.00
6287875.00
6288218.00
6289248.00
6287188.00
6287531.00
6290279.00
6290279.00
6287531.00
6286158.00
6289248.00
6291995.00
6291995.00
6293026.00
6294743.00
6296116.00
6295773.00
6294056.00
6292339.00
6289592.00
6291309.00
6291309.00
6290622.00
6291309.00
6287875.00
6286845.00
6287875.00
6287531.00
6284441.00
6280664.00
6281351.00
6281694.00
6279290.00
6276887.00
6281007.00
6284784.00
6282037.00
6281694.00
6283754.00
6284098.00
6282037.00
6283067.00
6282381.00
6279977.00
6280664.00
6282037.00
6281351.00
6277917.00
6278603.00
6278603.00
6281351.00
6283411.00
6282037.00
6281007.00
6279977.00
6280664.00
6287188.00
6286501.00
6282381.00
6288905.00
6291995.00
6291652.00
6293026.00
6293712.00
6290965.00
6290279.00
6294399.00
6292682.00
6293369.00
6291652.00
6290965.00
6291652.00
6296116.00
6297490.00
6296116.00
6296116.00
6297146.00
6295773.00
6294743.00
6299550.00
6301954.00
6302984.00
6302984.00
6302297.00
6299207.00
6298176.00
6300237.00
6298176.00
6294399.00
6293712.00
6295429.00
6296803.00
6291995.00
6291995.00
6293026.00
6289592.00
6285815.00
6291309.00
6293026.00
6288562.00
6288562.00
6289935.00
6289592.00
6288905.00
6288905.00
6293026.00
6293712.00
6290279.00
6287875.00
6288562.00
6291309.00
6287875.00
6283754.00
6288218.00
6289592.00
6289935.00
6291309.00
6290622.00
6291995.00
6294056.00
6294056.00
6296116.00
6300237.00
6300923.00
6300923.00
6302297.00
6298520.00
6289592.00
6285471.00
6288562.00
6290279.00
6295429.00
6300580.00
6303671.00
6302640.00
6303327.00
6301954.00
6301610.00
6302984.00
6306074.00
6306761.00
6306761.00
6309851.00
6309851.00
6308478.00
6307104.00
6306418.00
6305731.00
6306074.00
6307448.00
6306418.00
6305387.00
6304357.00
6305044.00
6301610.00
6298520.00
6300923.00
6300237.00
6296116.00
6295429.00
6298863.00
6298863.00
6294399.00
6293369.00
6298176.00
6297146.00
6297146.00
6297146.00
6291995.00
6289935.00
6295086.00
6295773.00
6296459.00
6296459.00
6293369.00
6289935.00
6291309.00
6289935.00
6289248.00
6291309.00
6293026.00
6291995.00
6292682.00
6293712.00
6298520.00
6300237.00
6293369.00
6295773.00
6303671.00
6304014.00
6301267.00
6301954.00
6306074.00
6308135.00
6304701.00
6303671.00
6304014.00
6305044.00
6304357.00
6306418.00
6308135.00
6308135.00
6308821.00
6307104.00
6305731.00
6307791.00
6306761.00
6309851.00
6313285.00
6312255.00
6310195.00
6306418.00
6303327.00
6305731.00
6304701.00
6306418.00
6302640.00
6300237.00
6299550.00
6301954.00
6302984.00
6301267.00
6298863.00
6299893.00
6298176.00
6295773.00
6294056.00
6297146.00
6298863.00
6301267.00
6302640.00
6301954.00
6297146.00
6293712.00
6293369.00
6296803.00
6296116.00
6296803.00
6297490.00
6290279.00
6287188.00
6290279.00
6290965.00
6289935.00
6290965.00
6290622.00
6291995.00
6294056.00
6294743.00
6295429.00
6295429.00
6294743.00
6297833.00
6299550.00
6299207.00
6300923.00
6299893.00
6297833.00
6300580.00
6305044.00
6304014.00
6300923.00
6302297.00
6302297.00
6305044.00
6305731.00
6304014.00
6300923.00
6300237.00
6299893.00
6300580.00
6303327.00
6307448.00
6307791.00
6307791.00
6306761.00
6303671.00
6302297.00
6299207.00
6300580.00
6300237.00
6297146.00
6297833.00
6296803.00
6295773.00
6293712.00
6294056.00
6294743.00
6294056.00
6292682.00
6289935.00
6292682.00
6291995.00
6291995.00
6291995.00
6291652.00
6291309.00
6288905.00
6285815.00
6285471.00
6287531.00
6288562.00
6286845.00
6283067.00
6281007.00
6279290.00
6279977.00
6283067.00
6286501.00
6287188.00
6286845.00
6285471.00
6287531.00
6288905.00
6285815.00
6283754.00
6287188.00
6293026.00
6294399.00
6295086.00
6297490.00
6295429.00
6292339.00
6289248.00
6289248.00
6295086.00
6299893.00
6300237.00
6300237.00
6299207.00
6298176.00
6298520.00
6298520.00
6295086.00
6293712.00
6298520.00
6302984.00
6302640.00
6301267.00
6298520.00
6296459.00
6297146.00
6297833.00
6298863.00
6297146.00
6295429.00
6292339.00
6289592.00
6291652.00
6291995.00
6291995.00
6289935.00
6286501.00
6286501.00
6283754.00
6286501.00
6287875.00
6288905.00
6290279.00
6288218.00
6286845.00
6285128.00
6286158.00
6288562.00
6288905.00
6285471.00
6284098.00
6281351.00
6282037.00
6284098.00
6282037.00
6280320.00
6284098.00
6284098.00
6281007.00
6281351.00
6285471.00
6289935.00
6291309.00
6292682.00
6293712.00
6293026.00
6295429.00
6296459.00
6294056.00
6295429.00
6296116.00
6293369.00
6294743.00
6297146.00
6293712.00
6292682.00
6293369.00
6297146.00
6295773.00
6293712.00
6294056.00
6295086.00
6295773.00
6298863.00
6301610.00
6304701.00
6301267.00
6299893.00
6300923.00
6301267.00
6299893.00
6300580.00
6303671.00
6297490.00
6296459.00
6298863.00
6296803.00
6293026.00
6289935.00
6289592.00
6290279.00
6288218.00
6288905.00
6288562.00
6289248.00
6291652.00
6291995.00
6289592.00
6288562.00
6291309.00
6291309.00
6291309.00
6292682.00
6291995.00
6289248.00
6287188.00
6283411.00
6282724.00
6285471.00
6286158.00
6285815.00
6286845.00
6287188.00
6288218.00
6287531.00
6291309.00
6296116.00
6291652.00
6287188.00
6292339.00
6297146.00
6299207.00
6298520.00
6299550.00
6299550.00
6302984.00
6305044.00
6305387.00
6305731.00
6303671.00
